计算每幅图像的标定误差：
第1幅图像的平均误差为： 0.154224像素
第2幅图像的平均误差为： 0.195154像素
第3幅图像的平均误差为： 0.146457像素
总体平均误差为： 0.165278像素

相机内参数矩阵:
[2833.322357385207, 0, 2025.025508078734;
 0, 2833.945808492405, 1092.932967981161;
 0, 0, 1]

相机的畸变系数:
[0.0655205825962112, -0.567396021265049, -0.001111896595707845, 0.001522294982699936, 1.59412575240521]

第1幅图像的旋转矩阵为：
[0.9149819842454109, 0.2786187199652921, 0.2918554049375009;
 -0.06900869979469046, 0.8207183942877074, -0.5671499948254018;
 -0.3975497048910699, 0.498791465607331, 0.7701696605153399]

第1幅图像的平移向量为：
[-52.13894516359135;
 -18.90707316754006;
 188.0644500408389]

第2幅图像的旋转矩阵为：
[0.9372427775783715, 0.03068784652701584, -0.3473243900919046;
 0.071949286941365, 0.9576598746538555, 0.2787666848577692;
 0.3411733811214004, -0.2862618042168672, 0.8953518322205498]

第2幅图像的平移向量为：
[-17.14756532025498;
 -20.3624219601181;
 154.1208796504036]

第3幅图像的旋转矩阵为：
[0.9988940071451909, -0.03775942366116328, -0.02801764469401518;
 0.04214592106188305, 0.9832142190937864, 0.1775204796907709;
 0.02084427564749656, -0.1785049727502644, 0.9837181968816875]

第3幅图像的平移向量为：
[-29.63895569502197;
 -22.68656745836016;
 135.5851528724468]


